sample	PH	TP	TK	JJD	AP	AK	SOC	SOM	N%	C%	N	C	group	ceng	com	moisture	CN	NP	CP
G2.1	7.76	1.515767267	10.31	54.425	30.28134887	66	14.46272536	24.93373851	0.081	1.455	0.81	14.55	CK	surface	ACK	4.74	17.96296296	0.534382829	9.599098962
G2.2	7.86	1.564233046	11.11	57.575	29.3931501	66	14.81548993	25.54190465	0.09	1.475	0.9	14.75	CK	surface	ACK	6.84	16.38888889	0.575361838	9.42954123
G2.3	7.86	1.563332443	10.92	56.875	27.67074329	66	14.19108549	24.46543139	0.096	1.762	0.96	17.62	CK	surface	ACK	4.85	18.35416667	0.614072844	11.27079533
G3.1	8.16	1.512799943	8.92	55.825	24.32175261	68.1	12.27280104	21.15830899	0.094	1.331	0.94	13.31	CK	surface	ACK	9.36	14.15957447	0.621364381	8.798255223
G3.2	7.76	1.524523691	7.92	55.125	29.99115866	70.3	11.38386273	19.62577935	0.087	1.243	0.87	12.43	CK	surface	ACK	8.59	14.28735632	0.570670043	8.153366244
G3.3	7.96	1.495691116	7.92	55.825	26.7819334	72.4	12.18430311	21.00573856	0.089	1.41	0.89	14.1	CK	surface	ACK	7.83	15.84269663	0.595042646	9.42708013
G4.1	7.86	1.029503793	7.72	60.375	22.44890577	72.4	15.6570449	26.99274542	0.076	1.184	0.76	11.84	CK	sxdeep	BCK	11.93	15.57894737	0.738219718	11.50068614
G4.2	8.16	1.06522027	7.33	54.425	23.15502433	70.3	13.21246144	22.77828352	0.081	1.181	0.81	11.81	CK	sxdeep	BCK	10.69	14.58024691	0.760406108	11.08690881
G4.3	8.06	1.030734031	7.72	56.175	22.7218677	74.5	15.32523296	26.42070163	0.086	1.145	0.86	11.45	CK	sxdeep	BCK	11.3	13.31395349	0.834356851	11.1085883
G5.1	8.06	0.970614844	7.55	58.275	18.96544708	74.5	12.57270015	21.67533505	0.091	1.252	0.91	12.52	CK	sxdeep	BCK	13.96	13.75824176	0.937550055	12.89904031
G5.2	8.16	1.047895228	6.74	56.175	19.6713164	78.8	10.42170618	17.96702145	0.094	1.222	0.94	12.22	CK	sxdeep	BCK	11.83	13	0.897036245	11.66147118
G5.3	8.06	0.942429773	7.55	53.725	19.96602534	76.7	10.57969263	18.23939009	0.089	1.176	0.89	11.76	CK	sxdeep	BCK	13.7	13.21348315	0.944367448	12.47838336
ATK2.1	8.13	1.726975222	10.45	91.525	21.27779559	180.3	18.76996805	32.35942492	0.113	1.854	1.13	18.54	LOW1	surface	ALOW1	4.68	16.40707965	0.654323227	10.7355333
ATK2.2	8.27	1.694717158	10.99	95.725	20.23822872	174.5	18.59809792	32.06312082	0.128	2.085	1.28	20.85	LOW1	surface	ALOW1	5.28	16.2890625	0.755288276	12.30293793
ATK2.3	8.14	1.682103694	10.54	94.675	19.95645695	180.3	18.95033462	32.67037689	0.095	1.982	0.95	19.82	LOW1	surface	ALOW1	4.91	20.86315789	0.564768987	11.78286456
ATK5.1	8.57	0.911687611	8.54	37.625	13.87506135	81.4	8.981540485	15.4841758	0.059	0.958	0.59	9.58	LOW1	sxdeep	BLOW1	8.74	16.23728814	0.647151495	10.50798528
ATK5.2	8.49	0.932211314	7.99	36.575	15.20422365	81.4	7.523547844	12.97059648	0.053	0.949	0.53	9.49	LOW1	sxdeep	BLOW1	7.69	17.90566038	0.568540622	10.18009528
ATK5.3	8.56	0.902356111	8.45	25.375	14.75676241	81.4	9.74407387	16.79878335	0.063	0.929	0.63	9.29	LOW1	sxdeep	BLOW1	7.58	14.74603175	0.698172254	10.29527022
MSP60.2.1	8.01	0.982417789	11.72	62.475	30.10135156	139.6	14.58534653	25.14513743	0.1	1.969	1	19.69	LOW1	surface	ALOW1	8.58	19.69	1.017896878	20.04238952
MSP60.2.2	8	0.874361609	11.72	53.725	29.44727679	145.4	15.38436548	26.52264609	0.113	2.108	1.13	21.08	LOW1	surface	ALOW1	8.48	18.65486726	1.292371472	24.10901826
MSP60.2.3	8.01	0.807429469	12.18	35.875	27.67074329	128	14.46730952	24.94164162	0.111	1.906	1.11	19.06	LOW1	surface	ALOW1	8.76	17.17117117	1.374733079	23.60577701
MSP60.5.1	8.43	0.491770083	6.27	62.475	26.54177341	34.9	6.968527919	12.01374213	0.016	0.375	0.16	3.75	LOW1	sxdeep	BLOW1	1	23.4375	0.325355294	7.625514706
MSP60.5.2	8.4	0.480520338	6.73	65.625	25.62908303	40.7	6.799556269	11.72243501	0.036	0.44	0.36	4.4	LOW1	sxdeep	BLOW1	3.29	12.22222222	0.749187852	9.156740417
MSP60.5.3	8.36	0.417952314	7.18	63.875	26.64438343	34.9	6.259156813	10.79078635	0.031	0.397	0.31	3.97	LOW1	sxdeep	BLOW1	2.9	12.80645161	0.74171141	9.498691279
TR2.1	8.41	1.599026987	12.09	81.025	17.79676564	361.8	14.25882353	24.58221176	0.119	1.623	1.19	16.23	LOW1	surface	ALOW1	3.81	13.63865546	0.744202574	10.1499225
TR2.2	8.39	1.58655361	11.8	81.725	17.51367968	383.9	13.77721352	23.75191611	0.132	1.692	1.32	16.92	LOW1	surface	ALOW1	3.46	12.81818182	0.831992056	10.66462545
TR2.3	8.33	1.571088251	12.36	91.525	21.41427964	383.9	15.0467861	25.94065924	0.155	1.807	1.55	18.07	LOW1	surface	ALOW1	4.04	11.65806452	0.986577297	11.50158178
TR5.1	8.37	0.753052101	9.08	46.725	13.00515155	122.2	9.270588235	15.98249412	0.053	1.152	0.53	11.52	LOW1	sxdeep	BLOW1	6.78	21.73584906	0.703802565	15.29774631
TR5.2	8.38	0.647819488	8.54	53.375	13.72459313	128	11.24705882	19.38992941	0.07	1.143	0.7	11.43	LOW1	sxdeep	BLOW1	6.59	16.32857143	1.08054792	17.64380389
TR5.3	8.47	0.731469063	9.9	54.425	11.84054127	128	10.66103088	18.37961724	0.061	1.145	0.61	11.45	LOW1	sxdeep	BLOW1	6.85	18.7704918	0.833938209	15.65343031
BL2.1	8.23	1.87657784	12.38	84.525	21.87545362	238.5	16.44761363	28.3556859	0.081	1.869	0.81	18.69	LOW2	surface	ALOW2	4.86	23.07407407	0.431636771	9.959618835
BL2.2	8.07	1.820476858	13.18	95.375	21.27779559	232.7	16.25608392	28.02548869	0.094	1.826	0.94	18.26	LOW2	surface	ALOW2	3.65	19.42553191	0.516348228	10.03033898
BL2.3	8.1	1.717625058	12.72	99.925	22.87326765	255.9	17.33343853	29.88284802	0.121	2.214	1.21	22.14	LOW2	surface	ALOW2	3.8	18.29752066	0.704461078	12.88989113
BL5.1	8.43	0.762383601	10.45	25.375	18.96468877	139.6	7.011693911	12.0881603	0.028	0.77	0.28	7.7	LOW2	sxdeep	BLOW2	1.48	27.5	0.36726918	10.09990245
BL5.2	8.58	0.647819488	10.45	27.475	19.10215187	139.6	6.817864078	11.75399767	0.028	0.754	0.28	7.54	LOW2	sxdeep	BLOW2	1.83	26.92857143	0.432219168	11.63904473
BL5.3	8.52	0.619936296	9.54	33.075	18.98746461	139.6	7.065695922	12.18125977	0.041	0.821	0.41	8.21	LOW2	sxdeep	BLOW2	6.43	20.02439024	0.661358276	13.24329621
BS2.1	7.86	1.915665994	14.27	90.125	40.00432052	528.4	19.21455272	33.12588889	0.092	1.918	0.92	19.18	LOW2	surface	ALOW2	2.77	20.84782609	0.480250734	10.01218378
BS2.2	7.87	1.959831327	14.27	90.125	41.47191174	509.9	20.6690671	35.63347168	0.091	1.78	0.91	17.8	LOW2	surface	ALOW2	2.8	19.56043956	0.464325673	9.082414264
BS2.3	7.97	1.93815268	14.81	90.125	40.11734039	527.3	19.52446486	33.66017742	0.111	1.99	1.11	19.9	LOW2	surface	ALOW2	2.66	17.92792793	0.572710299	10.26750896
BS5.1	8	0.572326484	9.17	64.575	32.92070203	122.2	13.36719314	23.04504097	0.111	1.325	1.11	13.25	LOW2	sxdeep	BLOW2	14.31	11.93693694	1.939452447	23.15112155
BS5.2	7.98	0.51145395	9.91	67.725	34.20028418	128	12.33497745	21.26550112	0.103	1.328	1.03	13.28	LOW2	sxdeep	BLOW2	16.75	12.89320388	2.013866547	25.96519198
BS5.3	7.94	0.545581118	9.08	68.425	33.43467407	122.2	12.54142059	21.62140909	0.105	1.369	1.05	13.69	LOW2	sxdeep	BLOW2	14.66	13.03809524	1.924553408	25.09251062
BW2.1	8.23	1.87657784	12.38	84.525	21.87545362	238.5	16.44761363	28.3556859	0.081	1.869	0.81	18.69	LOW2	surface	ALOW2	2.04	23.07407407	0.431636771	9.959618835
BW2.2	8.07	1.820476858	13.18	95.375	21.27779559	232.7	16.25608392	28.02548869	0.094	1.826	0.94	18.26	LOW2	surface	ALOW2	1.79	19.42553191	0.516348228	10.03033898
BW2.3	8.1	1.717625058	12.72	99.925	22.87326765	255.9	17.33343853	29.88284802	0.121	2.214	1.21	22.14	LOW2	surface	ALOW2	1.8	18.29752066	0.704461078	12.88989113
BW5.1	8.43	0.762383601	10.45	25.375	18.96468877	139.6	7.011693911	12.0881603	0.028	0.77	0.28	7.7	LOW2	sxdeep	BLOW2	5.71	27.5	0.36726918	10.09990245
BW5.2	8.58	0.647819488	10.45	27.475	19.10215187	139.6	6.817864078	11.75399767	0.028	0.754	0.28	7.54	LOW2	sxdeep	BLOW2	5.78	26.92857143	0.432219168	11.63904473
BW5.3	8.52	0.619936296	9.54	33.075	18.98746461	139.6	7.065695922	12.18125977	0.041	0.821	0.41	8.21	LOW2	sxdeep	BLOW2	6.77	20.02439024	0.661358276	13.24329621
CP30.2.1	8.2	1.574224156	12.36	60.725	31.44336691	180.3	14.39793978	24.82204817	0.112	1.769	1.12	17.69	LOW3	surface	ALOW3	9.2	15.79464286	0.711461577	11.23728151
CP30.2.2	8.16	1.440707483	12.36	69.125	28.57562578	186.1	14.70980851	25.35970987	0.129	1.854	1.29	18.54	LOW3	surface	ALOW3	6.84	14.37209302	0.89539342	12.86867752
CP30.2.3	8.15	1.399719495	12.36	62.475	28.12853985	180.3	14.25339901	24.5728599	0.11	1.728	1.1	17.28	LOW3	surface	ALOW3	6.93	15.70909091	0.785871744	12.34533066
CP30.5.1	8.27	0.38055166	8.72	55.125	20.4075381	110.5	9.66793068	16.66751249	0.08	1.514	0.8	15.14	LOW3	sxdeep	BLOW3	7.11	18.925	2.1022113	39.78434886
CP30.5.2	8.18	0.304532222	8.18	51.275	18.84973537	110.5	9.444918403	16.28303933	0.088	1.258	0.88	12.58	LOW3	sxdeep	BLOW3	6.56	14.29545455	2.889677796	41.30925758
CP30.5.3	8.31	0.350398776	8.18	47.425	19.53728061	100.2	9.300366654	16.03383211	0.096	1.341	0.96	13.41	LOW3	sxdeep	BLOW3	6.83	13.96875	2.739735598	38.27068163
ME.F2.1	7.96	1.812786826	10.92	71.575	31.43833879	146.9	35.46453546	61.14085914	0.158	3.64	1.58	36.4	LOW3	surface	ALOW3	9.41	23.03797468	0.87158621	20.07958105
ME.F2.2	8.16	1.73941366	10.72	71.225	31.27700614	140.5	30.30023757	52.23760957	0.143	3.222	1.43	32.22	LOW3	surface	ALOW3	8.64	22.53146853	0.822116115	18.52348337
ME.F2.3	7.86	1.653257788	10.92	66.675	33.16071165	146.9	29.68812475	51.18232707	0.18	3.979	1.8	39.79	LOW3	surface	ALOW3	9.04	22.10555556	1.088759426	24.06763197
ME.F5.1	8.16	0.66680598	8.14	46.725	19.83291522	87.3	8.933496782	15.40134845	0.069	1.12	0.69	11.2	LOW3	sxdeep	BLOW3	14.1	16.23188406	1.034783761	16.79649004
ME.F5.2	8.26	0.656461339	9.94	44.975	19.51777844	98.7	8.234458513	14.19620648	0.081	1.206	0.81	12.06	LOW3	sxdeep	BLOW3	18.64	14.88888889	1.233888352	18.37122658
ME.F5.3	8.06	0.664954108	8.74	42.525	19.24719478	91.6	10.37282173	17.88274467	0.093	1.339	0.93	13.39	LOW3	sxdeep	BLOW3	16.84	14.39784946	1.398592758	20.13672799
PC2.1	8.14	1.001006583	11.45	59.675	21.85796725	139.6	12.51672201	21.57882875	0.077	1.432	0.77	14.32	LOW3	surface	ALOW3	8.46	18.5974026	0.76922571	14.30560023
PC2.2	8.16	0.855698607	11.45	59.675	19.26259254	133.8	10.5079803	18.11575803	0.078	1.376	0.78	13.76	LOW3	surface	ALOW3	8.37	17.64102564	0.9115359	16.08042819
PC2.3	8.15	0.855698607	10.9	55.475	21.30333916	128	10.02376493	17.28097074	0.085	1.41	0.85	14.1	LOW3	surface	ALOW3	9.08	16.58823529	0.993340404	16.47776435
PC5.1	8.38	0.369722606	8.72	40.775	15.18599317	104.7	9.563974436	16.48829193	0.077	1.001	0.77	10.01	LOW3	sxdeep	BLOW3	5.07	13	2.082642466	27.07435206
PC5.2	8.31	0.34970354	7.09	40.775	14.59415552	110.5	7.839296776	13.51494764	0.078	0.998	0.78	9.98	LOW3	sxdeep	BLOW3	20.76	12.79487179	2.230460693	28.5384586
PC5.3	8.33	0.359693173	9.27	37.625	15.92393671	110.5	7.955832445	13.71585514	0.091	0.976	0.91	9.76	LOW3	sxdeep	BLOW3	16.81	10.72527473	2.529934034	27.13423755
Sa2.1	7.46	1.558360605	9.53	87.325	31.298266	93.7	27.45240108	47.32793946	0.131	2.238	1.31	22.38	LOW4	surface	ALOW4	4.26	17.08396947	0.840627	14.361246
Sa2.2	7.56	1.542842176	9.53	79.975	29.38845283	93.7	26.33812208	45.40692247	0.137	2.372	1.37	23.72	LOW4	surface	ALOW4	3.41	17.31386861	0.887971577	15.37422322
Sa2.3	7.46	1.515814689	10.11	85.925	28.96738561	93.7	26.31201533	45.36191442	0.122	2.072	1.22	20.72	LOW4	surface	ALOW4	3.95	16.98360656	0.804847722	13.66921705
Sa5.1	8.46	0.905542215	8.16	68.075	22.28507978	51.3	9.209495017	15.87716941	0.054	0.792	0.54	7.92	LOW4	sxdeep	BLOW4	2.54	14.66666667	0.596327803	8.746141118
Sa5.2	8.36	0.955104242	7.96	64.225	23.15224928	47.7	9.651196104	16.63866208	0.061	0.928	0.61	9.28	LOW4	sxdeep	BLOW4	2.37	15.21311475	0.638673742	9.716216927
Sa5.3	8.26	0.908243176	7.96	67.375	27.64752865	51.3	8.807112792	15.18346245	0.059	0.975	0.59	9.75	LOW4	sxdeep	BLOW4	1.83	16.52542373	0.649605762	10.73501047
SV2.1	7.86	1.433568199	14.7	57.575	29.12058802	168.2	12.30556147	21.21478798	0.073	1.614	0.73	16.14	LOW4	surface	ALOW4	5.49	22.10958904	0.509218885	11.25862028
SV2.2	7.66	1.353924509	14.51	58.975	31.13449187	164	11.38751198	19.63207066	0.086	1.611	0.86	16.11	LOW4	surface	ALOW4	6.52	18.73255814	0.635190511	11.89874317
SV2.3	7.86	1.299202167	13.92	57.925	31.14444814	168.2	11.38286301	19.62405583	0.078	1.568	0.78	15.68	LOW4	surface	ALOW4	5.69	20.1025641	0.600368457	12.06894539
SV5.1	8.06	0.60423051	8.53	57.575	22.14628279	59.6	6.530002854	11.25772492	0.064	1.066	0.64	10.66	LOW4	sxdeep	BLOW4	3.29	16.65625	1.059198417	17.64227364
SV5.2	8.06	0.556424211	9.33	56.175	23.14855025	57.5	7.02638541	12.11348845	0.068	1.023	0.68	10.23	LOW4	sxdeep	BLOW4	4.13	15.04411765	1.222089166	18.38525319
SV5.3	7.96	0.646534132	9.33	57.225	23.01095295	59.6	5.817518472	10.02940185	0.049	0.781	0.49	7.81	LOW4	sxdeep	BLOW4	1.82	15.93877551	0.757887288	12.07979535
PK2.1	7.87	1.323678918	9.27	81.375	28.85462503	186.1	19.66344828	33.89978483	0.134	2.457	1.34	24.57	LOW4	surface	ALOW4	10.05	18.3358209	1.012330091	18.56190324
PK2.2	7.85	1.273075068	8.72	67.375	28.57562578	186.1	20.91192118	36.05215212	0.165	2.698	1.65	26.98	LOW4	surface	ALOW4	10.09	16.35151515	1.296074396	21.19278013
PK2.3	7.86	1.19163263	8.18	60.375	22.3287935	192	19.70758495	33.97587645	0.138	2.496	1.38	24.96	LOW4	surface	ALOW4	11.79	18.08695652	1.158075035	20.94605281
PK5.1	8.38	0.361129074	6.63	43.225	19.23950513	98.9	7.894364091	13.60988369	0.068	1.044	0.68	10.44	LOW4	sxdeep	BLOW4	23.02	15.35294118	1.882983256	28.90933116
PK5.2	8.26	0.34970354	6.54	42.525	19.83529422	104.7	7.426934639	12.80403532	0.077	1.001	0.77	10.01	LOW4	sxdeep	BLOW4	19.31	13	2.20186504	28.62424552
PK5.3	8.28	0.371201496	6.63	44.975	18.66702312	104.7	6.554482759	11.29992828	0.08	1.028	0.8	10.28	LOW4	sxdeep	BLOW4	18.52	12.85	2.155163728	27.6938539
